cam0:
  T_cam_imu:
    - [0.2534952487250741, 0.9491378774129208, 0.18675504955397748, 0.0849306320100108]
    - [-0.9671706436477295, 0.24510714279965906, 0.06710763454797421, 0.03782739717192501]
    - [0.017919401213482025, -0.19763546799267412, 0.9801117879361859, -0.09637224302316602]
    - [0.0, 0.0, 0.0, 1.0]

  # T_cam_imu:
  #   - [0.2534952487250740, -0.9671706436477291, 0.0179194012134821, 0.0167829692731089]
  #   - [0.9491378774129204, 0.2451071427996590, -0.1976354679926740, -0.1089292183850651]
  #   - [0.1867550495539775, 0.0671076345479742, 0.9801117879361858, 0.0760558398818610]
  #   - [0.0000000000000000, 0.0000000000000000, 0.0000000000000000, 1.0000000000000000]
  camera_model: pinhole
  intrinsics: [241.6048925567284, 241.6048925567284, 382.4294238671119, 286.5297672809754]
  resolution: [758, 572]
