cam0:
  T_cam_imu:
    - [0.07427771,  0.99711190,  0.01583289,  0.38074287]
    - [-0.18550781, -0.00178411,  0.98264117, -0.05621603]
    - [0.97983145, -0.07592546,  0.18483952, -0.32151690]
    - [0.0, 0.0, 0.0, 1.0]
  cam_overlaps: [1]
  camera_model: pinhole
  distortion_coeffs: [-0.03843622792783702, -0.002634177248264113, 0.002422949539367233, -0.001382691294699419]
  distortion_model: equidistant
  intrinsics: [701.4545727023193, 700.1179107526791, 680.2585465191044, 537.6794158094971]
  resolution: [1440, 1080]
  rostopic: /cam0/image_raw
  timeshift_cam_imu: 0.0
cam1:
  T_cam_imu:
    - [0.07437930,  0.99721776, -0.00494558,  0.27245553]
    - [-0.18506731,  0.01867641,  0.98254836, -0.05790493]
    - [0.97990704, -0.07216599,  0.18594155, -0.31238050]
    - [0.0, 0.0, 0.0, 1.0]
  cam_overlaps: [0]
  camera_model: pinhole
  distortion_coeffs: [-0.04459393782932651, 0.01237852934390858, -0.01313451092983728, 0.003895777285135927]
  distortion_model: equidistant
  intrinsics: [701.6656970672693, 700.8504216642683, 675.8628766265481, 534.6583586732144]
  resolution: [1440, 1080]
  rostopic: /cam1/image_raw
  timeshift_cam_imu: 0.0
