cam0:
  T_cam_imu:
    - [-0.027256691772188965, -0.9996260641688061, 0.0021919370477445077, 0.02422852666805565]
    - [-0.7139206120417471, 0.017931469899155242, -0.6999970157716363, 0.008974432843748055]
    - [0.6996959571525168, -0.020644471939022302, -0.714142404092339, -0.000638971731537894]
    - [0.0, 0.0, 0.0, 1.0]
  cam_overlaps: [1]
  camera_model: pinhole
  distortion_coeffs: [-6.545154718304953e-06, -0.010379525898159981, 0.014935312423953146,
                      -0.005639061406567785]
  distortion_model: equidistant
  intrinsics: [275.46015578667294, 274.9948095922592, 315.958384100568, 242.7123497822731]
  resolution: [640, 480]
  rostopic: /snappy_cam/stereo_l
  timeshift_cam_imu: -0.01484888826656275