cam0:
  T_cam_imu:
    - [-0.028228787368606456, -0.999601488301944, 1.2175294828553618e-05, 0.02172388268966517]
    - [0.014401251861751119, -0.00041887083271471837, -0.9998962088597202, -6.605455433829172e-05]
    - [0.999497743623523, -0.028225682131089447, 0.014407337010089172, -0.00048817563004522853]
    - [0.0, 0.0, 0.0, 1.0]
  cam_overlaps: [1]
  camera_model: pinhole
  distortion_coeffs: [-0.013721808247486035, 0.020727425669427896, -0.012786476702685545,
                      0.0025242267320687625]
  distortion_model: equidistant
  intrinsics: [278.66723066149086, 278.48991409740296, 319.75221200593535, 241.96858910358173]
  resolution: [640, 480]
  rostopic: /snappy_cam/stereo_l
  timeshift_cam_imu: -0.016684572091862235